00100000
00000001
00000000
00000001
10001100
00000010
00000000
00000010
00100000
00000011
00000000
00000110
10001100
00000100
00000000
00000000
00100000
00000101
00000000
00000010
10001100
00000110
00000000
00000001
00000000
01000100
00111000
00011000
00000000
01000010
01000000
00011000
00000000
00100011
01001000
00011000
00000000
00100101
01010000
00011000
00000000
11001001
01011000
00011000
00000001
00001011
01100000
00100000
00001000
00000000
00000000
00100000
00000000
11101101
01110000
00100000
00000000
11101101
01111000
00100010
00000001
11001010
10000000
00011010
00000001
11101010
10001000
00011010
00000000
11100001
10010000
00011010
00000000
01100001
10011000
00011010
00000001
00100101
10100000
00011000
00000001
00010100
10101000
00100010
00000000
00100001
10110000
00011000
00000010
10110110
10111000
00011010
10101100
00000001
00000000
00001010
10101100
00000010
00000000
00001011
10101100
00000011
00000000
00001100
10101100
00010000
00000000
00001101
10101100
00010001
00000000
00001110
10101100
00010010
00000000
00001111
10101100
00010011
00000000
00010000
10101100
00010111
00000000
00010001
00001000
00000000
00000000
00110010
00000000
00100000
01101000
00101010
00010001
10001101
00000000
00001111
00100000
00001101
00000000
00000001
00010001
10001101
00000000
00001101
00100000
00001101
00000000
00000010
00100000
00011111
00000000
00000100
00010001
10011111
00000000
00001010
00100000
00001101
00000000
00000011
00100000
00011111
00000000
00001001
00010001
10011111
00000000
00000111
00100000
00001101
00000000
00000100
00100000
00011111
00000000
00010000
00010001
10011111
00000000
00000100
00100000
00001101
00000000
00000101
00100000
00011111
00000000
00011001
00010001
10011111
00000000
00000001
00001000
00000000
00000000
00110010
00001000
00000000
00000000
00001101